!vault |
$ANSIBLE_VAULT;1.1;AES256
64336335666539656166333636663337316131303361316463333766313765306339616662313037
3764376634643566623033336135613836613031613538340a653930326263636463373339326266
38663436343663373564616535653866373761313739346361316238336662393466343834396666
6464376333613834330a306231386538646564376363346565396366343762623061346533343130
33643666646635356461386138626532653063383736303266396330383262613334616263623862
30353835666331666166643333656131366461313334383565663062343138613337386237323933
63336134616166383033313861383664326465636233316530303564303364643231363034393632
35656539383964363731663333333063303130643563646438636364646431333235353366356431
37303262303136653864353165643565653465613062316431393166353030343837653332376661
39373838326231333839333631336263393031383539306162396661313939376363613236663631
33656231643233323239656166303033313036393137646339343930343531313264353738316534
63336532623762386134376535333462393566326634633966333337313531356564656236643331
37326335316432383436383863363931376666346265306563353239646130373134653532653961
38333235376332333239623336343765643363333330386630656638333834626636626164366331
64346166386563343238366130396431333833656330386431353034363963326165343837326233
33396563663264626261373937333439656263643366303535613563313564353263623230346332
30373934356161303061353038353832316630383462643530373933366662366139393135383863
66353439393965626638626531666661323965666435616536313636343232656265323637643264
33633563373934333834663635636435326230386266356439393334373963643065393835653762
64343161396461343261373063323431346433653465653631343038663736656230363137393833
36636665343938356166626161313663623637643736333362613232303137353733356665373764
30346161613962383965353937376166643761636564653633366536313239373734343736613433
31656635393062346139316632383038313764646533313139306563393631386366376432333639
38646139666661333534633835363663666166313939306461343834613561333666313936376439
32633934393762613238303332386232396431363433393438366334343164356333636334366662
30366664393037356565306530366633363037303264383136373531363062616366363936653238
35643733643439306339666539343563613965653265363638616463373462643831663635313362
36306363633832353439623066333739313764316363613366356338393338353339373666373164
65616136373966333333366230623262613634343165396634333330333334393736383835383831
66343963356362316238666434613339383533343862633132316465313731373265306137333665
66666530346235393833653861336336326638393536393530663264646338616134363433356166
64643635303934383366386330383463636262363733616630666536323532393965366464306436
38656538313433336133323863313661393332386131396239633264346432616635363032393665
30316462656565636664633465336130356262343462383837343734313337353864376263303161
32623961303666393237366135346531643662323961343931626332623534386363643033656364
64336134316562386433393030343538386561633764346462393737373135306132363432303162
38666462373262386532333031333966383433626565636539333062636665393766653135613439
61613563313766656231396663326661626434363336666162333130663737616631386462663333
66386462656635323637633230623832663961346531363032613333306563393762373638316538
38663934333830663665