!vault |
$ANSIBLE_VAULT;1.1;AES256
65313430313137323734303534663139376361383130393339653963666462393436363033646636
3731306435623763346235343232656531656266656634300a316432613137313737376539323434
38353435326439333966303132653361643331663831356235346561323730653361303430666636
3463393362623661650a366338653639613866373933343466376164386264313637626164653436
32383931303734323030346362306166376463333638666531313735646336616361363439393038
65303137313664633565306262643363646266623733613965383034653834666436663565353137
65393735346535326466326466663539626365633164343634353465646564333365653832306238
33343065326364643562616537366530313733613361663638373462393165366432616663323138
30653965313132626137313337336630666138376161316366666436616266376433613665383633
36376336646435376132356262363766373766346330353737616164616237626137313764613939
66353334666339656133326565626466393566666636666338353364306135383063383739366666
31646164326232613930306333313833636563306431386238346464303961373965373331346338
30303265363231306462656361616338366434666130383433636465313363313962383261356665
63616162653338656566373531663936366366346437643063633739313938346263313463396261
30656630316330326330646165366638373765373735343433383231353464316461356162383666
39373064623338336534623164396630326432346635323662343462366536393265323332623230
62316562303966313934373361613863623361643966646661303233343262666330343539633034
31303534643234626163373333386335623166643764636364663732306136386135333537313066
66326264373533633562376539653831633839656235346338366435623138323432663934373330
33633665383563303430333764613631663731643731666137313139653963343437326564643466
35643266636131386363393164636234343862653331616361653638333164366639633438356262
35343530346233643565643466373238376561383838343331326136326161653935646530343836
62333766376235656138626130313037306562353332636633373462653966653835343665363138
65306364636535613861353237633563613336653337323662666464633664653431383033373366
35353463333336643161343938383162353936373764636538356635393164306166633530653666
36303163313463386466316232393134613535393132393564636463383035663738383338356265
62303130633332313136373833386438616235653539313237353165626336653765376663636632
32616633356337363233626137313330316232373661333162383635636235306137653762333231
65343130396166656364323165333564656361313036626631653064396664656464396161643264
37646365366432366265396163336163353030336365653138663563373465366665313366386363
37373966633331323938333031386162313261623535353236386636616132663538386231383762
38313838393836316364333866393038653263653937333431373332343862343731343736363836
31656663616161356363343263396636613837633162643335623935363836363866353532306233
30376334303665363938616162316434356433333532303236353031376362633832383564323566
62373032323334626462343833353639353630343036633330346237393165386263663466363063
33333230383365366536373130623539366432633830376433373362623538653736346232316535
66643037663234633065343434656463353164343363646566333563613030373532353562333830
35396439353036626230326663376665613736343733366662643233663865623061366132386436
64376565613038656261646237333239656230316438666636636563393238383030393962373736
39313461666635356534
